user_id response_id bdi_sadness bdi_pessimism bdi_pastfail bdi_pleasure bdi_guilty bdi_punishment bdi_selfdislike bdi_selfcritical bdi_suicide bdi_crying bdi_agitation bdi_interest bdi_indecisive bdi_worthless bdi_energy bdi_sleep bdi_irritability bdi_appetite bdi_concentration bdi_tired bdi_nosex bdi_score 
811618 R_erCbP8hKRPQoasl 2 2 3 3 2 2 2 2 2 2 2 2 2 2 2 1 2 1 2 2 2 23
988211 R_0emOXWUey3THy6N 1 1 2 1 1 1 1 1 1 1 1 1 1 1 2 1 1 0 2 2 1 5
6332682 R_00PmAM8YGb9jSTz 1 2 2 1 1 2 1 2 1 2 1 1 1 1 1 1 2 0 1 1 1 7
11423162 R_bjXijUCcDHIPWJf 2 1 3 1 2 2 1 1 1 1 2 1 1 1 2 1 3 2 3 3 1 16
14211227 R_1XPu0DFd1lR1hjv 1 1 1 1 1 1 2 2 1 1 1 1 1 1 2 0 1 0 1 2 2 5
14244184 R_2l4GU8GqBJnnSKh 1 1 2 1 1 1 1 1 1 1 1 1 1 1 1 1 1 0 1 1 1 2
14296407 R_8vrURQmQDfzaoOF 3 2 1 2 1 1 2 1 2 2 1 4 1 1 3 2 1 1 3 3 4 22
14343915 R_8zWE73UwqyiLgdn 1 1 1 1 1 1 1 1 1 1 1 1 1 1 1 0 1 0 1 1 1 0
15703735 R_9T95sg8gZ9khKwl 1 1 2 1 1 1 1 2 1 1 1 1 1 1 2 0 1 0 1 1 1 3
16335411 R_9v2I6QoLuHNdhAx 1 1 1 1 1 1 1 1 1 1 1 1 1 1 1 0 2 1 1 1 3 4
16398423 R_5aS8S77NJypjleR 3 3 4 2 3 2 3 3 1 3 3 2 3 4 3 1 2 0 3 3 1 33
16586221 R_29TcvQYS23qTigR 2 2 2 2 1 1 3 2 1 1 2 2 2 2 3 2 2 3 1 3 3 23
17397335 R_bezRWfzsTjvp4Et 1 3 2 2 2 2 2 2 1 1 2 2 2 3 2 1 3 0 2 2 2 20
17644976 R_eKYYT4qRyKEjbFz 1 1 1 1 1 1 1 1 1 1 1 2 1 1 1 1 1 0 1 1 1 2
18238844 R_2a8i8N5zWacYBdb 1 1 2 1 1 1 1 2 1 1 1 1 1 1 2 0 1 1 1 1 1 4
18608662 R_3UYVLT9NVMq9B77 3 2 3 3 2 1 2 2 3 4 3 4 3 3 4 3 2 3 3 4 4 42
19155976 R_9Mudqb4lAuOiwYd 1 1 1 1 1 1 1 2 1 1 2 1 1 1 3 2 1 0 1 2 2 8
19382449 R_87eQBEvtKX5bZsh 2 1 2 2 2 1 2 2 1 1 2 2 1 2 2 1 2 0 1 2 1 13
20159293 R_bQ0335B3ydLnAhv 1 2 1 4 2 1 4 3 1 4 3 4 4 3 4 1 3 3 3 4 4 40
23104051 R_88JsQeTk1XWXi61 1 2 2 1 3 1 1 1 1 2 2 2 1 1 2 3 2 1 1 2 1 14
23443442 R_blltaGKpuhhX2Kx 1 1 1 1 1 1 1 1 1 1 1 1 1 1 2 0 1 1 1 2 2 4
24209963 R_4Z9tZLestcIFkMZ 1 1 1 2 2 2 2 1 1 1 2 1 2 1 2 1 2 1 2 2 1 12
24739635 R_29q9Zb2DSIKTQAR 2 2 2 1 2 1 3 3 1 2 2 2 2 2 2 0 1 0 1 2 2 16
25615072 R_eEYqCPpHg3lp273 1 1 1 2 1 1 1 1 1 1 1 1 1 1 1 0 1 0 1 1 1 1
25807866 R_7UwcHL21GCKxufP 2 3 2 2 2 2 2 3 1 3 1 4 2 3 2 0 2 2 2 2 1 24
25920698 R_dg5RRxAhgdBqffD 1 2 1 3 1 2 1 2 1 1 2 2 1 1 2 2 2 0 1 2 1 12
26750616 R_3jWmGkwzEPny2Vf 1 1 2 1 2 1 1 2 1 2 1 2 2 2 2 1 1 1 2 2 4 15
26936084 R_78VHaZLHproPAiN 1 1 1 2 2 1 1 1 1 1 2 2 1 1 2 1 1 1 2 2 1 9
27956258 R_2c3DTcXjaSLVoHP 1 2 2 1 2 1 3 4 1 1 1 1 1 1 2 2 1 1 1 2 1 13
28013067 R_3VjP5NjmgKt4ME5 1 1 1 2 2 1 1 1 1 1 1 2 1 1 1 0 1 0 2 1 2 5
28260118 R_5tq57562593WPcN 1 1 1 2 1 1 1 1 1 1 1 2 1 1 2 1 1 0 1 2 2 6
28346145 R_1YAppxISGg629uJ 1 2 1 1 1 1 1 1 1 1 1 1 1 1 1 0 1 1 2 1 1 3
28610967 R_41wHw7lR2p5YDXL 2 2 2 3 3 2 3 3 2 2 2 2 2 2 3 2 3 3 3 3 4 34
28918252 R_1U2EbGfbVAbf3IV 2 2 1 2 2 1 1 2 1 1 2 2 2 1 3 2 3 0 3 3 2 19
29105100 R_9yrok4dXuw6XA5n 2 2 3 3 1 1 2 4 1 2 4 3 2 2 3 2 3 0 3 4 3 31
29410371 R_6FfHWF983sjoSR7 2 3 3 2 2 2 2 2 2 4 1 2 2 2 3 2 2 0 2 2 1 24
30227100 R_8BLOA0RBV0265HT 1 1 2 2 2 1 1 1 1 1 1 2 1 1 3 0 2 1 1 2 2 10
30948196 R_cvIm5x2AjPmnQDr 1 1 1 1 1 1 1 1 1 1 1 4 1 1 1 1 1 1 1 2 2 7
31328365 R_9Ks4dTWYdatMvaJ 1 1 1 1 1 1 1 1 1 1 1 1 1 1 1 0 1 0 1 1 1 0
32342259 R_9yPNAnxxChO6YzH 4 2 2 2 2 4 2 3 2 2 2 1 2 3 2 2 2 1 2 4 1 28
32474421 R_6z2W1GBFysE9ERT 1 2 1 1 1 1 1 2 1 1 1 1 1 1 2 1 2 2 2 2 2 10
32623738 R_5gK4KHlV9s0hOVn 2 2 1 2 1 1 1 3 1 1 2 2 3 1 2 1 2 1 3 2 1 16
32893188 R_8zU62cc1v5FexWl 1 1 2 3 1 2 3 2 1 1 2 3 1 2 2 2 3 1 2 2 3 21
35513134 R_0PSo3Pgdj8Ny0lf 2 3 2 2 1 1 2 2 2 1 2 2 2 3 3 1 3 0 2 3 2 22
39172835 R_2aiqQaLTMtulogd 1 1 1 1 1 1 1 2 1 1 1 1 1 1 1 1 1 1 1 1 1 3
40035909 R_6FmANJEmkL5uOpf 1 1 1 1 1 1 1 1 1 1 2 2 1 1 1 0 1 1 2 1 1 4
40975488 R_3fmjQnHG524AHYh 2 2 4 3 3 3 4 2 1 1 2 4 3 4 3 1 3 2 2 3 2 35
42738076 R_1FUqMHAF5XJikPr 2 2 3 2 2 2 2 2 2 2 3 2 2 2 3 1 3 2 3 2 3 28
43430160 R_2tXGJhzBG0YXRQh 1 2 1 1 1 1 1 1 1 1 1 2 4 1 1 1 1 0 3 1 1 8
44608337 R_9SR9HwpSNTZXkUJ 1 1 1 1 1 1 1 1 1 1 1 1 1 1 2 1 1 1 1 2 1 4
44653967 R_er25UopdmlLvXFP 2 1 3 2 2 2 2 2 1 1 2 2 2 2 2 3 2 1 2 2 1 20
46183397 R_3k5xThBPXwUo6KF 1 1 1 1 1 1 1 1 1 1 1 1 1 1 2 1 1 0 1 2 2 4
46776409 R_9N328VMLuUDjEot 2 3 3 2 2 2 3 2 2 2 2 2 3 3 3 3 1 1 3 3 2 30
47189902 R_eULAY4jnfJWkp1z 1 2 2 2 1 2 3 2 1 1 2 2 2 3 3 2 2 0 3 3 1 21
47730142 R_6PWvr4tc1f7FXc9 1 1 1 2 1 1 2 3 1 2 1 2 2 1 2 1 1 0 1 2 1 10
48898594 R_cvhWx24szlwse3P 1 1 1 1 1 1 1 1 1 1 1 1 1 1 1 0 1 0 1 1 1 0
50833514 R_43c9PMyfXKz657v 1 1 2 2 1 3 1 2 1 2 1 2 1 1 1 1 3 1 3 2 1 14
51420078 R_d6UxE6TBBjxOzB3 2 4 3 2 2 2 3 3 1 2 2 2 2 3 3 1 1 0 2 2 1 24
56686273 R_d4jr3PHPgwDhIu9 1 2 2 1 2 2 3 3 1 1 1 1 1 1 2 1 1 0 2 2 1 12
58565444 R_9ENipAB6r2dCVGR 2 2 3 2 1 2 1 2 1 1 2 1 2 1 2 1 2 1 2 2 1 15
61663024 R_0dB7IxBcgrRAJRb 1 2 2 2 2 1 1 2 1 2 2 2 4 1 1 1 1 0 1 2 1 13
64007404 R_5cF2fTaC2t9d9Ot 1 1 2 2 1 1 1 1 1 1 1 1 1 1 2 0 1 0 1 2 1 4
65077900 R_4NO5MADe8J0NZaJ 2 1 1 1 2 1 1 3 1 1 2 1 1 1 3 0 2 0 1 1 1 8
68018911 R_3EicViHHbEeParH 1 1 2 1 1 1 1 1 1 1 1 1 1 1 1 1 1 0 1 1 1 2
73684316 R_bHhvpGL7RSFdUP3 1 1 1 2 2 2 2 2 1 1 2 2 2 1 2 1 2 1 2 2 3 16
76076958 R_3qs44ZbCzpY7dkN 3 2 2 4 2 1 3 3 1 4 1 4 3 3 3 2 2 1 3 3 4 35
77594381 R_9LXr4vQagCkHUXj 1 2 2 2 2 1 2 2 1 2 2 2 1 2 2 1 2 3 1 2 1 17
78394144 R_7VBBwtt5Gg1pho9 1 1 1 1 1 1 1 1 1 1 1 1 1 1 2 1 1 1 1 2 1 4
78789558 R_bdULtNVSGKrqiXP 1 1 1 1 1 1 1 1 1 1 1 1 1 1 1 0 1 0 1 1 1 0
84001457 R_0P1AVPTplay3833 1 1 2 1 1 1 1 3 1 1 1 1 1 1 1 1 1 1 1 1 2 6
84155323 R_7VT5UylNHWsHwHj 1 1 1 1 1 1 1 2 1 2 2 1 2 1 2 1 2 0 1 2 1 8
87463442 R_aXYXUH0KQbOwyl7 1 1 1 2 1 1 1 1 1 1 1 1 1 1 2 1 1 0 2 1 1 4
87752958 R_1HpxlmgHDdIJ71j 1 1 1 1 2 1 1 1 1 1 1 1 1 1 2 0 1 1 2 1 2 5
88844819 R_e5KsyrtJNlq4GWh 1 1 2 1 1 2 1 2 1 1 1 1 1 1 2 1 1 1 2 2 1 8
90659577 R_722cZd3oNhbhEmF 1 1 1 1 1 1 1 1 1 1 1 1 1 1 1 0 1 0 1 1 1 0
91254681 R_0kd8ZCVKwKtsMqF 1 1 2 2 1 1 1 2 1 1 2 1 1 1 1 1 1 0 1 1 2 6
94493245 R_bdYPScb0ZE37bBb 2 1 3 1 2 1 1 3 1 1 1 2 1 1 2 0 1 0 1 3 2 11
94588044 R_6gtS9ievYVf9sot 3 4 4 4 4 4 4 3 2 3 3 4 2 4 4 3 4 3 3 4 4 54
95360868 R_5goAyqj0F46yJYp 1 2 2 1 1 1 1 1 1 1 2 1 1 1 1 1 1 0 1 2 1 5
99801455 R_emI4a4Y9jcoXHud 1 1 1 1 1 1 1 1 1 1 1 1 1 1 2 1 1 0 1 2 1 3
104958557 R_cvZPmjQmFFQfvJr 2 1 1 1 2 1 2 1 1 1 1 1 2 1 1 0 1 1 1 1 1 5
107031829 R_6sSfo0TtNdCCQCh 1 1 1 1 1 1 1 2 1 1 1 1 1 1 2 1 1 1 1 2 1 5
110321152 R_6EbU4mqJ7ncYGPz 1 2 1 1 1 1 2 1 1 1 1 2 2 1 2 1 1 0 2 2 1 8
114970302 R_3QU1Jezc419SSbz 1 1 3 1 1 1 1 3 1 1 2 1 1 1 2 2 2 1 1 2 1 11
118944861 R_5ziQqhdCiNbXJHf 1 1 1 1 1 1 1 1 1 1 1 1 1 1 1 0 1 0 1 1 1 0
127620452 R_6WgN21D9G10Lj2R 1 1 2 1 2 1 1 1 1 1 2 1 2 1 1 3 1 0 1 1 1 7
132971197 R_3UHo5IxENKVgPxb 1 2 2 1 1 1 1 2 1 1 1 1 2 1 1 1 1 1 1 1 1 6
133954977 R_6SExrbHP03gpPhz 2 1 2 1 2 1 1 3 1 2 2 1 3 1 2 1 2 0 3 3 1 16
134630078 R_7Pac74hkP8IQd5r 1 2 2 1 2 1 1 1 1 1 2 2 1 1 2 1 2 1 1 2 1 10
144605875 R_cLLoYuUmRkYgPLT 2 2 1 2 1 2 2 2 1 1 2 2 3 1 3 1 2 1 2 2 2 18
150492713 R_3VKesFIXPHjxVmB 1 1 1 1 1 1 1 1 1 1 1 1 1 1 1 0 1 0 1 1 1 0
151612183 R_06DqOk1vglqHjc9 2 3 2 2 4 2 2 2 1 2 3 3 2 3 3 3 2 2 2 3 2 31
155092993 R_cCNoHHcRZvKV7hP 1 1 1 1 1 1 1 1 1 1 1 1 1 1 1 1 1 0 1 1 1 1
155404660 R_bBqR92hTrHI4j6B 1 1 2 1 1 1 1 2 1 1 1 2 1 1 2 0 1 0 2 2 2 7
155762769 R_cSfPE92jImunFMV 1 1 1 1 2 1 1 2 1 1 1 1 1 1 2 1 1 0 2 2 3 8
157894550 R_9YOaTiuO2HEn0TH 4 3 4 3 3 2 4 3 3 3 2 3 4 3 4 2 3 1 2 4 3 44
163198747 R_8Aq96aNqO6g0f9X 3 3 3 2 3 3 4 3 2 3 3 2 2 3 2 2 3 0 3 3 1 34
181272725 R_cTMKjUbSxemRlfT 1 1 2 1 1 1 1 1 1 1 2 1 2 1 2 1 1 1 1 2 1 7
186271891 R_abfFvbkqyhRqEwB 2 3 2 3 2 4 4 3 2 4 4 3 4 4 4 3 3 3 1 4 3 46
190776123 R_6qWqsttPv6XuyQ5 2 2 2 2 1 2 1 1 1 1 1 1 1 2 2 1 2 0 2 2 2 12
192380238 R_eVUbGQtVG9IyXkh 1 1 1 2 1 1 1 2 1 2 1 2 1 1 2 1 1 0 2 2 1 8
193488444 R_elY7MMME4wgQrrf 2 3 3 3 2 1 3 3 1 2 2 2 1 1 1 1 2 1 1 2 1 19
221600469 R_8uoIV4NucLes1WR 2 2 2 2 2 2 2 2 1 2 2 2 2 2 2 1 2 0 2 1 1 17
226282163 R_89fWMC5Mbbp3ukZ 2 2 1 3 2 1 2 2 1 2 3 3 1 2 3 2 3 2 2 2 3 25
227561235 R_3mhh0dVWvqYzH2l 2 2 2 2 1 1 4 1 1 1 1 2 3 3 3 2 1 0 2 1 1 17
234221060 R_a3NnMz34CJo2KdT 3 2 3 2 3 3 4 4 2 3 3 3 3 2 3 2 3 2 3 3 1 38
243956746 R_08PyK2XZD5KrCSh 2 2 2 2 3 1 1 1 1 1 2 2 2 1 2 0 2 0 1 2 2 13
249227650 R_cMAPGDTTbQ6VDLf 1 1 1 1 1 1 2 2 1 2 1 1 1 1 1 0 1 0 2 1 1 4
251208689 R_e420sYOxdvxAz4h 1 1 1 1 4 2 2 3 3 3 1 1 1 1 2 3 3 1 1 1 1 18
252227907 R_1He0G1Cupgo0J81 2 1 1 2 1 1 2 1 2 1 2 2 1 1 2 1 1 1 2 2 2 12
254209369 R_5na8p4nrAwhFU9f 2 3 4 2 2 1 4 4 2 2 2 3 3 3 3 3 2 3 4 2 1 36
259199391 R_6JrRRrqdZs9qtF3 1 2 2 2 1 2 2 2 1 2 2 2 2 2 2 1 2 1 2 3 2 19
259410630 R_elctO0oq33zgSPz 1 1 1 2 1 2 1 1 1 2 2 2 1 1 2 1 2 1 2 2 1 11
263798565 R_byo1vXzgWW1PN3L 1 1 1 1 2 1 1 2 1 1 2 1 1 1 2 1 1 0 2 2 1 7
266031943 R_7QcptU7wsTryvBP 1 1 1 1 1 1 1 1 1 1 1 1 1 1 1 0 1 0 1 1 1 0
270280907 R_9NYosXedT9YwNfv 1 1 1 1 1 1 1 2 1 1 1 1 1 1 1 1 1 0 1 2 1 3
273755377 R_0vuE3jcQzRclakJ 2 1 2 2 2 1 2 1 2 3 3 3 2 1 3 3 3 1 2 2 1 23
276684958 R_3ghMxKUhwqOc6dD 1 2 2 1 1 1 1 1 1 1 1 2 1 1 2 0 1 0 1 2 2 6
277640455 R_3P0UfT32eoRR6lf 1 1 1 1 1 1 1 1 1 1 1 1 2 1 2 1 1 1 1 2 1 5
296252913 R_aVs2Y8OhRZAXHWB 2 2 2 2 3 4 1 3 1 2 3 3 3 1 1 2 1 2 3 2 4 28
298753276 R_3HL9Rq7cGBw0wct 2 1 1 2 3 1 1 2 1 1 2 2 2 1 2 1 2 0 2 3 1 14
299420900 R_4ZTqHx7lU3O9YmF 3 2 2 2 1 1 2 1 2 3 1 2 4 1 3 2 1 0 3 3 1 21
306602256 R_af7aQBof7tEhoa1 1 2 2 1 3 1 2 3 1 1 2 1 2 1 2 1 1 1 1 1 2 13
311859625 R_4ZQHVabDOZWA3it 1 1 2 2 1 1 1 2 1 1 1 1 1 1 1 0 1 0 2 1 2 5
312803960 R_9ZUAU2VqLVvBrHD 1 1 1 2 1 1 2 2 1 2 1 2 1 1 2 1 1 0 1 1 1 7
313954905 R_0olprF7wbQ9z0b3 1 2 1 1 1 1 2 1 2 1 2 1 2 1 1 0 2 0 1 2 1 7
329321625 R_38n4mnBuqTt32ND 1 1 1 1 1 2 1 3 1 1 1 1 1 1 1 0 2 1 1 1 1 5
331616062 R_afps9hWpqG2gSln 1 1 2 1 1 1 1 2 1 2 2 1 1 1 2 1 1 0 1 1 1 6
335410275 R_9WGCoRaNYVJMGkR 1 1 2 2 1 1 1 1 1 1 2 2 4 3 4 1 3 3 2 2 1 20
336896692 R_0ujqZPcvTsrmTZ3 2 2 2 2 3 3 3 3 1 3 2 3 3 3 3 2 2 1 2 2 2 30
340429755 R_6g4O2jSGTVvPZmB 2 1 2 2 2 2 2 2 1 2 2 2 2 2 3 2 2 1 2 2 2 21
343698806 R_23uvaTHM2C41JA1 1 1 2 1 1 2 1 1 1 1 1 1 1 1 1 0 1 1 1 1 1 3
348092086 R_3sKJsNDK0spG8v3 2 2 2 2 1 4 2 2 1 2 2 3 2 2 3 2 3 1 2 3 2 26
361152628 R_bBoQDW1mP3P708t 4 3 3 2 2 4 3 3 2 1 3 2 2 2 2 1 2 1 3 3 1 30
365192218 R_5arrjsqrZQBi1yB 1 1 1 1 2 1 1 2 1 1 1 1 2 1 2 1 1 1 1 2 2 8
366174301 R_9TarX6pn8IagJaB 1 1 1 1 1 1 1 2 1 2 2 1 1 1 1 0 1 0 1 1 1 3
371175491 R_9Sp8HDTqqrf9IAR 1 4 2 3 3 1 1 1 1 4 1 1 1 1 1 0 1 0 1 1 1 11
377685390 R_equlSrQhKFSKtBH 1 2 2 1 3 2 1 2 1 2 2 4 1 2 2 1 1 0 4 3 2 20
379697738 R_3POceDeqnhFFKYZ 2 2 2 2 2 2 1 2 1 1 2 2 2 3 2 3 1 1 2 2 1 19
385556176 R_01GdOT8qPmsNCLP 1 1 1 1 1 1 1 1 1 1 1 1 1 1 1 0 1 0 1 1 1 0
403662373 R_cvdHqKTrkPQrFlz 1 2 2 1 1 1 2 3 1 2 1 1 4 1 2 1 1 1 1 2 1 13
409642220 R_6LjrS937uQf3Nyd 2 3 2 2 2 3 4 3 3 4 2 2 4 4 3 2 2 1 2 3 1 35
420811951 R_9MLzyO1dBwZsfPv 2 2 1 2 3 2 2 3 1 1 2 2 2 2 1 1 2 1 1 2 1 17
421922768 R_cx5eneIRPU3spXD 1 1 2 2 2 4 3 2 1 1 2 1 1 1 2 0 2 0 2 2 4 17
422410391 R_b1uHhD1QZTC3xhr 1 1 1 1 2 1 1 1 1 1 1 1 1 1 2 0 2 1 2 2 1 6
426854558 R_9TyY10LLRWXY9F3 1 3 1 2 1 1 1 1 1 1 2 1 1 1 2 1 1 1 2 2 1 9
447531731 R_2c3JUAvZ8pASmxv 1 3 4 4 1 1 4 4 3 4 4 3 4 4 4 2 4 3 3 4 4 49
447655802 R_3EGTjaRPeao6DnD 2 1 1 2 1 1 1 2 1 2 2 2 1 1 2 1 2 1 1 2 1 11
450128822 R_cJeXCZo9wkA9FjL 1 1 3 1 2 1 1 2 1 1 1 1 2 2 2 2 1 0 2 2 1 11
457116812 R_1HMYI2Jvd2caucl 2 2 1 2 2 1 4 3 1 2 2 2 1 1 2 3 3 1 1 1 1 19
467004340 R_1TuYtar9AlQvhB3 2 1 2 1 1 1 1 3 1 3 4 1 1 1 3 2 3 2 1 4 2 21
478269049 R_6yVC3fn0i6QjEdT 1 2 2 1 2 1 1 3 1 1 1 2 2 2 2 1 1 0 1 2 1 11
494317024 R_1Y1aFfaxVLY003b 2 1 1 2 2 2 2 1 1 2 2 2 1 1 2 3 1 1 2 2 2 16
497525756 R_4GD8etVtiIeIcC1 1 1 1 1 1 1 1 2 1 1 2 2 1 1 2 1 2 0 1 1 1 6
512151438 R_ctHdQtkJ2ysdpAN 1 2 1 2 2 1 2 3 1 1 1 3 1 1 3 2 3 1 2 2 1 17
519217829 R_0DnxPkmx71EI40l 1 1 2 2 1 1 2 1 1 1 1 2 1 1 3 0 1 0 1 2 1 7
523418902 R_4GURfEuEPZ3Qqyh 1 2 2 1 2 1 1 1 1 1 1 1 2 1 2 1 1 0 2 1 1 7
527922020 R_cGtfzbBzlX4OyEt 1 1 1 1 1 1 1 1 1 1 1 1 1 1 1 0 1 0 1 2 1 1
535869651 R_3fQg87CdvnCFNFX 1 1 1 1 2 1 1 2 1 1 1 1 4 1 2 2 1 1 1 2 1 10
538447202 R_1Zj2Uq5aTnRYq6V 2 1 3 2 1 1 2 3 1 4 2 1 2 2 1 1 2 0 3 1 1 17
542248830 R_4Np5BqVouaZbLsF 2 2 2 2 2 1 2 1 1 1 1 2 2 1 2 0 1 1 2 2 2 13
551626824 R_0ivBktzUG9J78X3 2 1 2 3 1 1 1 1 1 1 1 1 1 1 2 1 1 1 2 2 1 9
564210319 R_9mho4KL8IZr6s8B 1 1 1 1 1 1 1 1 1 1 1 1 1 1 1 0 1 0 1 1 1 0
573654042 R_5iQvXnRfXdh76MR 2 1 1 1 2 2 2 2 1 2 2 2 2 1 3 2 2 3 2 2 1 19
573689798 R_3WRNfh0PiespKqF 1 1 1 1 2 1 1 3 1 1 1 1 1 1 1 1 1 1 2 1 1 6
573899851 R_42RQlCJUhaUh35H 2 2 3 3 1 1 3 2 1 1 2 2 2 1 3 1 1 0 3 3 4 22
579076535 R_2nRC63xjcLLAy5T 1 2 2 1 1 1 1 1 1 1 1 1 1 1 2 0 1 0 1 2 1 4
582798157 R_agZCutWtHA9J3Tv 1 2 1 2 1 1 1 2 1 1 2 2 1 1 3 1 2 1 2 3 1 13
583075078 R_1ENgQocDud7Hqv3 1 1 1 1 1 1 1 1 1 1 2 2 2 1 3 2 2 1 3 3 4 16
583942750 R_2f5chZsRNjqGyG1 4 2 2 1 3 4 4 3 1 2 2 1 1 3 2 1 1 3 2 2 1 26
593351283 R_diJXmlt3Yo8Akdf 1 1 1 2 1 1 1 1 1 1 1 2 2 1 1 0 1 0 1 1 1 3
597022097 R_8877asv7xbOIMLz 1 2 1 2 2 1 1 1 1 2 2 2 1 1 2 2 2 1 1 1 2 12
600594999 R_0er5nLNBwhpZalv 1 1 3 1 1 1 2 1 1 1 1 1 3 1 1 0 1 0 1 1 1 5
616397762 R_cw1slDKYeFYK1jn 4 4 4 4 4 4 4 3 1 3 3 3 3 3 4 2 3 3 3 4 4 51
624046416 R_0c5KSYsVeEt7B0V 2 2 3 2 2 4 2 3 2 4 2 2 2 2 3 2 2 2 2 3 1 30
633412658 R_dcGkepgbWaOdHdr 1 1 1 1 1 1 1 1 1 1 1 2 1 1 2 1 1 1 1 2 1 5
634177579 R_7TB0L6oEe6UAGj3 1 1 1 1 1 1 1 1 1 1 1 1 1 1 1 1 1 0 1 1 2 2
634188694 R_6YfP4Gt0UCXiyqN 2 3 3 2 2 2 4 2 2 2 3 2 2 3 2 0 3 1 2 3 2 28
634746669 R_ezJGjSQYQKTGZtb 1 1 1 1 2 1 1 1 1 1 2 2 1 1 1 1 1 1 1 2 2 7
715163553 R_a4qNYROXXZe20gl 1 2 2 1 1 1 2 1 1 2 2 1 2 1 1 1 2 0 1 1 1 8
718243483 R_6ziVcH7h76n5ca1 1 1 2 2 1 2 1 2 1 1 1 1 1 1 2 1 1 1 1 2 2 9
733807508 R_cT8j5tpE6lT4Iap 2 2 1 2 1 1 2 1 2 1 1 1 2 1 1 1 1 1 1 1 1 8
757583166 R_eUKKAiuIE63vi2F 1 1 1 1 1 1 1 1 1 1 1 1 1 1 1 0 1 0 1 1 1 0
781567430 R_3eYOSnTYOI17VDT 1 3 1 1 1 1 1 1 2 2 2 1 2 1 1 2 2 1 2 2 1 12
785408508 R_doQT8nml8gUhuHb 1 1 2 2 1 1 1 1 1 1 2 2 1 1 2 0 1 0 2 2 1 7
794844643 R_1Uem9msbSCFwAct 1 1 2 2 3 1 3 4 1 1 3 2 2 3 3 1 1 1 2 3 1 22
801573060 R_bNOykXynR7cWbTn 2 1 2 2 1 1 3 4 2 2 2 1 2 3 2 2 2 1 1 2 1 20
813642446 R_3qH0uv4mm58EQyV 1 1 1 2 2 1 2 1 1 2 2 2 2 1 3 2 1 1 2 2 1 14
820531370 R_7VEu9ATh5PHolEh 2 2 1 2 1 2 3 1 2 2 2 1 2 2 3 2 2 3 2 3 1 22
822210312 R_9TrCKE15AumMVRb 1 2 2 2 1 1 3 2 2 2 2 2 1 3 2 2 2 1 2 2 1 19
822520250 R_42XqkYJqbCYuCcl 1 1 1 1 1 1 1 1 1 1 1 1 1 1 2 1 1 0 1 2 1 3
844492928 R_d0fSFlDrYhv5obP 3 4 2 2 1 2 2 2 1 3 1 1 2 1 1 1 1 3 1 1 1 17
917426286 R_0UjdEuCttUnO5Mh 1 2 2 1 2 1 2 2 1 2 1 2 2 2 1 0 1 0 1 1 1 9
946914943 R_bOfEDdKcZaVWw0B 2 3 2 2 2 1 2 3 1 2 2 2 3 2 3 3 2 0 2 4 1 25
947071700 R_bwTDoI6iA14Il1j 3 3 3 3 2 3 2 2 2 3 3 3 3 3 3 1 2 1 3 4 2 35
958317204 R_6RNQXIZIRFPjtGd 1 1 2 1 2 1 1 3 1 1 1 2 1 1 2 0 1 0 1 1 2 7
970253204 R_025AqKw7lT9tEWN 2 3 3 2 3 3 3 3 2 3 3 3 3 3 3 2 3 2 3 3 3 39
976930808 R_3QlOCBJH7OjF69T 2 2 1 4 2 4 1 3 1 1 3 3 2 3 4 3 3 1 3 4 1 32
1002937842 R_6Rm39BlDAmrhm0B 1 1 1 1 1 1 1 2 1 1 2 1 1 1 2 0 1 0 1 1 1 3
1016399695 R_786hb83vDSXzPiB 1 1 1 1 1 1 1 1 1 1 1 1 1 1 1 0 1 0 1 1 1 0
1073408982 R_6tkGyByBoWQXM45 2 2 2 2 3 2 1 2 1 1 1 2 2 2 2 3 3 1 2 3 4 24
1110247477 R_0ooNknax8lUZMxL 2 1 2 1 1 2 1 1 1 2 2 3 1 1 2 3 2 2 1 2 1 15
1123623223 R_dj80zkQ5Ju7JDMx 1 2 2 1 2 1 3 3 1 2 2 1 2 2 2 0 1 0 1 1 1 12
1152226788 R_4HgxJz2uLEmSY8l 3 3 3 1 2 4 3 3 2 4 2 3 1 3 3 2 3 3 1 2 4 36
1167256855 R_6uilarBga2usBr7 1 1 1 1 2 1 1 1 2 1 1 1 1 1 1 1 1 0 1 2 1 4
1202124020 R_8c9iSVJs6eV65db 2 2 1 3 2 1 1 2 2 2 1 2 1 1 2 1 1 0 1 1 3 13
1214801610 R_8uCHXDlfoMDcNtb 1 1 1 1 1 1 1 1 1 1 1 1 1 1 1 0 1 0 1 1 1 0
1233321704 R_0q8Z2qhYGjpNbkV 1 1 1 1 1 1 1 1 1 1 1 2 1 1 1 0 1 0 2 1 1 2
1272600042 R_0cy76FtSu6DRVFb 2 2 1 2 2 1 2 2 2 2 1 2 2 1 2 1 1 1 2 2 1 15
1275656082 R_4NF7W00vm8yq7Jj 1 1 1 1 1 1 1 1 1 1 1 1 1 1 1 0 1 0 1 1 1 0
1287352308 R_8ensb9UBDvSGtet 1 1 1 1 1 1 1 1 1 1 1 1 1 1 1 0 1 0 1 1 1 0
1317022460 R_3wtvoMOyV77qh4F 1 2 1 2 1 1 1 1 1 1 2 2 2 1 2 2 2 0 3 3 1 13
1317308676 R_eIIbnUhNyfzw00l 2 2 3 2 2 2 3 3 1 2 2 2 1 2 1 1 2 1 2 2 1 20
1321712900 R_6XO1SmdLjIP1Pff 1 2 3 2 2 2 4 4 1 2 2 2 1 2 3 2 2 0 2 2 4 26
1375463868 R_51I1mCwjXmzWpO5 1 2 1 1 2 2 1 2 2 2 2 1 2 2 2 1 2 0 2 2 1 14
1441916952 R_dcfYTfaLYwh4cfz 1 1 2 1 2 1 2 2 1 1 2 1 2 2 2 1 2 1 2 2 1 13
1455116664 R_bIxxgnZOMZkgf09 2 3 2 3 3 3 3 2 2 2 3 3 3 2 3 2 2 2 3 2 4 35
1463261726 R_6QjNDRdzuHfKaS9 1 1 2 1 3 1 1 3 1 3 2 1 1 3 1 2 2 2 1 2 1 16
1486782727 R_8G3Xr1u4yetQ4L3 1 1 1 1 1 1 2 1 1 1 1 1 1 1 1 1 2 0 2 2 1 5
1545312571 R_bdpWezFm4vyF5yt 2 2 3 2 2 1 3 2 1 1 2 3 2 3 4 1 3 0 2 4 1 25
1547185496 R_8jkXfOfLXgB4niZ 2 2 3 3 3 2 2 2 1 1 2 3 1 2 3 1 1 0 3 2 1 21
1556017826 R_eKdV3hgxDtffDUx 2 2 2 1 2 1 3 3 1 3 1 3 3 3 3 2 2 0 2 2 1 23
1576319239 R_8vQwWYhCIDdGCxL 2 1 1 1 1 1 1 1 1 2 2 1 1 1 2 3 1 1 1 2 1 9
1605395239 R_3mxs5rZiG3XKMKx 3 3 4 3 2 1 3 2 2 1 4 1 4 3 4 3 3 3 4 4 3 41
1631100475 R_eIGCZ3ZyxwpFhvn 2 2 3 3 2 2 3 3 1 2 2 3 2 4 2 2 3 1 3 2 1 29
1633551667 R_5oINGzAB4AH1aPX 2 2 4 3 3 1 2 3 1 4 2 2 4 2 3 2 2 0 2 2 1 28
1636930081 R_0vbNBZzybWNKA2V 4 2 3 4 2 2 1 1 2 2 1 3 2 2 1 3 1 3 4 1 1 26
1644242924 R_bPcZtzfbaE7ySd7 4 2 3 2 3 4 3 2 2 2 2 2 2 3 2 1 2 1 1 2 1 27
1646911956 R_a61XeFcB74H6ik5 2 1 3 2 2 2 4 4 1 1 2 1 2 2 2 2 2 3 1 1 1 22
1662881394 R_2bZ5yBI8nupGsnz 2 1 2 2 1 1 2 2 2 4 1 3 2 2 4 1 3 2 2 4 1 25
1679511272 R_3f9G4HGcAnTZsdD 2 2 2 2 2 1 3 3 2 1 2 2 1 1 2 1 2 0 2 2 1 17
1681547610 R_2rCe3mGFghNalAV 1 1 1 1 1 1 1 1 1 1 1 1 1 1 1 0 1 0 1 1 1 0
1689678355 R_do1XDYOjU6Pksf3 2 2 2 2 2 4 2 4 1 2 2 2 2 2 2 1 2 2 2 2 4 27
1694305291 R_dhCadsp7KtOVYEd 1 2 2 2 1 1 1 2 1 1 2 2 1 2 2 1 2 0 3 2 2 14
1700920166 R_cRZz6weqnREzRVX 1 1 3 2 2 1 3 2 1 1 2 2 1 1 2 1 1 1 3 2 2 16
1765266829 R_es08IpgAhHsmdKt 3 4 3 2 2 2 4 3 3 2 3 2 2 3 3 2 2 3 2 2 2 35
1837470643 R_6rM51f8iPrqkV4F 1 1 1 1 1 1 1 1 1 1 1 1 1 1 1 1 1 0 1 1 1 1
1859706068 R_3dAE23upPDzsbY1 1 2 2 1 2 1 1 1 1 2 2 2 2 1 3 2 3 2 3 3 4 22
1976838618 R_dmy6GH3TfwVrmBv 1 1 2 2 2 1 1 3 1 1 2 2 3 1 3 1 3 1 3 2 3 20
2161782876 R_bPjkDV22gX5qrEF 2 2 1 2 1 1 1 2 1 2 1 2 1 1 2 1 1 1 1 2 1 10
2174955213 R_beXlMZsb3vznxRP 1 1 1 1 1 1 1 2 1 1 2 2 1 1 2 0 1 0 1 2 1 5
2199801978 R_eRSmMJ2ButnV4ON 3 3 3 3 3 3 3 2 1 4 1 1 1 1 1 0 1 0 1 1 1 18
2200747690 R_3PhgtubO1fH3N2J 1 1 3 1 1 1 1 1 1 1 1 1 1 1 2 0 1 3 1 1 1 6
2216380326 R_4PDYBSRugeoAbYh 1 1 1 1 1 1 1 1 1 1 1 1 1 1 1 0 1 0 1 1 1 0
2227453291 R_8Idf2IZwN7ugfCR 1 2 1 1 1 1 1 1 1 4 1 2 1 1 2 0 1 3 1 1 1 9
2247234742 R_29UyUBqm042a5Jr 1 1 3 2 1 1 1 1 1 2 2 2 1 1 2 2 2 0 1 2 2 12
2252893178 R_0VDa0fh8hqOMDlj 2 2 3 2 3 3 4 4 2 1 2 2 2 3 2 1 3 0 3 2 2 29
2256976089 R_79x6ICvTa01RHdH 1 1 1 1 2 1 1 2 1 1 2 1 2 1 1 1 1 0 1 2 1 6
2265349069 R_b9PbZf2YVUDpU6F 2 2 3 2 2 2 2 3 2 1 1 2 2 1 1 1 1 0 2 3 3 19
2265529080 R_9G1lL7pHmO1rmkZ 1 1 1 1 1 1 1 1 1 1 1 1 1 1 1 0 1 0 1 1 1 0
2269233056 R_879AiFc5l9dBfAF 2 1 1 3 2 1 1 1 1 2 1 2 1 1 4 2 2 3 1 2 1 16
2271104306 R_eQbDGjWv7rQsaRD 2 1 1 1 1 1 2 2 1 2 2 3 1 2 2 2 2 2 2 2 1 16
2298532705 R_dmOcCgRPfEmY5vf 1 1 2 1 1 1 1 2 1 2 2 1 1 1 1 0 1 0 1 1 1 4
2302373526 R_5q0ju2APLcoHehD 1 1 1 1 1 1 1 1 1 1 1 1 1 1 1 0 1 0 1 1 1 0
2305041670 R_74G8ms5P1MoFBMV 3 3 2 3 1 1 1 2 2 2 3 2 2 3 4 3 2 3 3 4 1 31
2306946153 R_2awGnXR2JuxZoup 2 1 1 1 1 1 1 1 1 2 1 1 1 1 1 0 1 3 1 1 1 5
2310884846 R_0olj1HrVbrdvEJD 1 1 1 1 1 1 1 1 1 1 1 1 1 1 1 0 1 0 1 1 1 0
2311051028 R_6nxrmbSRUAvIEhn 2 1 1 2 1 1 2 1 1 1 1 1 2 2 2 1 2 2 3 2 3 15
2311987414 R_2ayCKpi9DJiHVgV 1 1 1 1 1 1 1 1 1 1 1 1 1 1 2 1 1 1 1 2 1 4
2316649928 R_01ZE6F8LEp0USot 1 1 3 2 2 4 1 2 2 2 2 2 2 1 1 0 2 1 1 1 2 16
2385522354 R_6tA4C5uUegHSeDX 2 2 2 2 2 2 2 2 2 2 3 2 2 2 2 3 3 2 3 2 2 27
2414740243 R_00oTagj81pnHRdP 1 2 1 1 1 1 1 2 1 1 2 2 2 1 1 0 1 0 2 1 1 6
2419880006 R_bIWdQ0TqFnIDOUB 2 3 3 3 1 1 2 1 1 2 2 3 2 1 2 1 2 1 2 2 4 22
2432527262 R_3ZQbu0e84Pw7JSR 1 1 1 1 1 1 1 1 1 1 1 1 1 1 1 0 1 0 1 1 1 0
2437774033 R_0HsUAT3eQnM6npb 1 1 1 1 1 1 1 1 1 1 1 1 1 1 1 0 1 0 1 1 1 0
2456041950 R_0vMznI2wGwMbBjf 1 2 1 1 1 1 1 1 1 1 1 1 1 1 2 0 1 0 1 2 1 3
2457662821 R_cACINuM9AVvOnu5 1 1 1 1 1 1 1 1 1 1 1 1 1 1 1 0 1 0 1 1 1 0
2466899420 R_4GgRYI5lGxoC193 2 3 2 3 2 1 3 2 1 1 3 2 4 3 4 2 2 1 3 4 1 30
2479037011 R_a67Dfo45xT65yw5 1 1 1 1 1 1 1 2 2 2 2 1 1 1 3 0 1 0 2 2 3 10
2556136994 R_6h6p375GfjFMIu1 2 2 2 1 1 1 1 1 1 3 2 1 2 1 4 2 2 2 3 4 1 20
2658671220 R_2iAb5kpnXKS6FBr 1 1 1 1 1 1 1 1 1 1 1 1 1 1 1 0 1 0 1 1 1 0
2668978821 R_9mloDMCq0qZFfwx 1 1 1 2 2 2 2 2 1 2 2 2 2 1 1 1 2 0 2 2 1 13
2685567771 R_b33Dn56kMWvetYF 1 1 1 1 1 1 1 1 1 1 1 1 1 1 1 0 1 3 2 1 1 4
2690572039 R_9MgzaDGOZM1iVrT 1 1 1 1 1 1 1 1 1 1 1 1 1 1 1 1 1 0 1 1 2 2
2726914463 R_78mrXzqpcAL0Qrr 2 2 1 2 2 1 1 2 1 2 2 2 2 1 2 1 2 0 2 2 1 14
2732986154 R_exEGMYMWXqZPtdj 2 2 2 3 1 1 2 1 1 2 2 4 3 2 3 2 4 2 3 4 4 31
2743083179 R_6X7lTAV4dhZuVet 2 2 1 2 2 1 2 4 2 1 2 2 4 1 2 1 2 1 2 2 1 20
2761220320 R_1MLOXuzg9VFKS1f 1 1 1 2 2 1 1 1 1 1 2 2 1 1 2 2 2 1 2 2 1 11
2763554758 R_1S4xZxTLnVU7AuF 1 1 1 2 1 1 1 2 1 1 2 2 1 1 2 1 1 1 1 2 1 8
2770902545 R_4T8qv3U8FsIvKpn 3 2 3 2 4 2 4 3 2 2 2 2 3 4 3 3 1 0 2 2 1 31
2790075383 R_0ccRRkD2NjxDWfz 1 2 1 1 1 1 1 2 1 1 2 2 2 1 1 1 1 0 2 1 1 7
2822734945 R_8iayKMur7Ee2417 1 1 1 1 1 1 1 1 1 2 2 1 1 1 1 2 2 0 1 1 1 5
2859825329 R_4J7CqpcxdKFYCFL 1 1 1 1 1 1 1 1 1 1 1 1 1 1 2 0 1 0 1 2 1 2
2908103277 R_cSZkSInM3brzB3v 1 2 1 1 1 1 1 1 1 1 1 1 1 1 1 1 1 0 1 1 1 2
2939045831 R_2rj19aHnZ9fl5Pf 2 1 1 3 1 1 2 2 1 1 1 2 1 1 2 1 2 1 1 1 1 10
2939591566 R_0OZLydp2AOI2Y8l 2 2 2 2 1 1 2 2 2 2 1 2 2 1 2 1 2 0 1 2 1 14
2940376415 R_0ppasS1bUkExLtH 1 2 3 2 3 1 2 2 1 1 2 2 1 1 2 1 2 1 1 2 2 16
2975120945 R_2i2wChvkkece92R 2 1 2 1 1 1 2 3 1 1 2 1 2 2 1 1 1 0 2 1 1 10
3166438737 R_0J0IOpSJ9MsFWhD 1 1 1 1 2 1 1 2 1 1 1 1 2 1 1 1 1 0 1 1 1 4
3170853514 R_41Sz8zZPQHAalgx 1 1 1 1 1 1 1 1 1 1 1 1 1 1 1 0 1 0 1 1 4 3
3176949829 R_3I7vWEjo88DZ4jP 3 2 3 2 4 3 1 2 1 4 2 2 3 2 2 2 3 1 3 3 1 30
3182685398 R_8nVNZ7FBEcLaVIV 2 1 1 2 2 1 2 2 1 1 2 2 1 1 1 0 2 0 1 1 2 9
3242578086 R_0OZQaAyAkuATD01 1 1 1 3 1 1 1 2 1 1 1 1 1 1 3 1 2 2 3 2 1 12
3249393374 R_er4CdMQMTUiRhg9 1 1 1 1 1 1 1 1 1 1 1 1 2 1 1 1 1 1 2 1 1 4
3280081735 R_08U91SwNcER29Hn 2 4 4 3 4 4 4 3 2 4 1 2 1 4 4 2 3 3 3 4 4 46
3303114193 R_esTJ632bNuX60g5 1 1 1 1 1 1 1 1 1 1 1 1 1 1 1 0 1 0 1 1 1 0
3311150741 R_4GEGD0hJ0I7wi6V 1 1 2 2 1 1 2 1 1 2 2 2 1 1 1 1 2 1 1 1 1 9
3315788803 R_3z0I3WY0WOmmaKF 2 3 3 2 1 3 4 3 1 1 3 2 2 2 3 1 2 1 3 2 2 27
3320812364 R_1zX2bs1wKBhDMJ7 2 2 2 2 4 2 2 2 1 1 3 1 2 2 2 3 2 1 2 2 4 25
3400534461 R_87964kSq2Ru3JJz 1 1 1 1 1 1 1 1 1 1 1 1 2 1 1 1 1 0 1 1 1 2
3420881525 R_1HZ7mT6zt7TFNHL 2 3 4 2 4 1 4 3 2 4 3 2 2 3 3 2 1 2 4 2 1 35
3639457333 R_9MR8VknFwU0X2Ml 2 1 3 1 3 3 3 4 1 1 1 1 1 3 1 1 1 2 2 1 1 18
3821977876 R_2bG7ntXQp6hzGy9 3 4 2 2 1 1 3 4 2 3 2 3 3 3 4 1 3 0 3 4 2 34
4339771 R_789u5QvDM08IXMV 2 1 2 1 1 2 2 2 1 1 1 2 1 1 1 1 2 0 1 1 1 8
5880532 R_6G63DGy5dKpjf0N 2 3 3 3 3 1 3 3 1 4 1 3 4 3 2 1 2 2 2 3 2 32
6479382 R_3QtGc4KPWxqya3j 1 1 1 1 1 1 1 1 1 1 1 2 1 1 2 1 1 1 1 2 2 6
10451182 R_8FVQif37AkyOieF 1 1 1 1 1 1 1 1 1 1 1 1 1 1 1 0 1 0 1 1 1 0
11198062 R_eRODz0CC8EimVFz 1 1 2 2 1 1 1 1 1 1 1 1 1 1 2 2 1 0 1 1 1 5
14171950 R_7OH30wV81nUlKTz 2 2 3 3 2 1 3 4 1 3 3 3 4 3 3 1 3 2 2 3 4 36
14256294 R_72mCS53IPgW6LLn 1 2 1 2 2 1 2 2 2 2 1 1 2 1 3 1 1 1 2 2 1 14
14304515 R_3t4xzoSk6FAUCkl 2 2 3 2 1 1 3 3 2 4 1 2 2 1 2 1 2 0 2 1 2 20
14703506 R_bNwaaJCCaDyj3pz 2 2 2 2 2 1 2 3 1 2 2 1 1 2 1 1 2 1 2 1 1 15
14715108 R_40D8yq6tzeD3PQF 1 1 2 1 1 1 1 1 1 1 2 2 1 1 2 1 1 0 1 2 2 7
15519857 R_5pfhoud3USuyped 1 2 2 2 2 1 2 3 1 1 2 1 2 2 2 1 2 0 2 2 1 15
15713534 R_eyZhtSrBRqEOG1f 2 2 1 2 1 1 2 1 1 2 2 3 2 2 4 2 3 0 2 4 3 23
15860422 R_emRMJEL5bLLwjw9 1 1 1 1 2 1 1 1 1 1 1 1 1 1 2 0 2 0 1 2 1 4
15912799 R_8cUgmxhC8JFIdeZ 1 2 1 2 1 2 2 1 1 2 2 1 1 2 2 0 2 2 2 2 1 13
15940745 R_eR8UIZ7HOR8NgjP 1 2 1 2 1 1 1 1 1 1 1 2 1 1 2 1 1 1 2 2 1 8
16380507 R_bf4x4XrfsLybzmt 1 2 2 2 2 1 2 2 1 2 1 2 1 1 2 1 2 1 3 3 1 16
16456627 R_0I243wY8cQNLbO5 1 1 2 2 1 1 1 1 1 1 1 2 1 1 2 1 1 0 2 2 2 8
16538871 R_4UX1QIAPGgrINCt 1 2 2 2 1 1 2 2 1 2 2 2 1 1 2 2 1 1 2 1 2 14
16540031 R_0SO01qb2xm0SO7r 2 2 2 1 1 1 2 3 1 2 1 1 1 1 2 0 2 0 1 2 1 10
16904444 R_0TzYzkgJeTwiMFD 2 2 3 2 2 1 4 2 1 1 2 2 2 3 3 1 2 1 1 3 1 22
17186530 R_8oCImCiJEFy3tDn 1 2 1 1 1 1 1 1 1 1 1 1 1 1 2 1 2 0 1 2 1 5
17304440 R_77ooRyEPURfgH1H 1 2 1 1 2 1 1 1 1 1 1 1 1 2 2 1 1 0 1 1 1 5
17724851 R_231ua1ZUTjpOof3 1 2 2 1 3 2 3 3 2 2 2 1 1 1 2 2 2 0 1 2 1 17
17745727 R_b0YX1ou1A0VjUBn 2 1 2 2 1 1 2 2 1 2 2 2 2 2 2 2 3 2 3 2 4 23
17998585 R_3sEosIl2ZHsh8G1 1 1 1 1 1 1 1 2 1 2 2 1 1 1 2 0 2 0 1 2 1 6
18227956 R_5tg76qyUyZCsR0N 2 2 1 2 1 1 1 1 1 1 2 2 2 1 2 1 2 0 2 2 1 11
18310576 R_e5uWwGKlp1hpD7L 1 1 1 1 1 1 1 1 1 1 1 1 1 1 2 1 1 0 1 1 1 2
18589647 R_d43V7fxFI2MknL7 1 1 1 1 1 1 1 1 1 1 1 1 1 1 1 0 1 0 1 1 1 0
20080661 R_aVkrPhVDTOkCErH 1 1 1 2 1 1 1 1 1 1 1 1 1 1 2 0 1 0 1 2 2 4
21375121 R_2r68chAdOquTUUd 1 1 3 1 2 1 2 2 1 2 1 1 2 1 2 1 1 3 1 2 2 14
21845736 R_083wjtjNx4Rx7UN 2 1 1 1 1 1 1 1 1 1 1 1 1 1 1 1 1 1 1 1 1 3
21993309 R_0IcKiVylndw0HJP 3 2 3 1 3 3 4 4 2 3 4 3 2 4 4 3 1 3 1 1 4 39
22054906 R_88j59Ad7XoT6PgV 1 1 1 1 1 1 2 2 1 1 2 1 2 1 2 1 2 1 2 2 1 10
23223898 R_dbWZxgGLhXzEaEZ 2 2 2 2 2 1 3 2 2 2 2 2 2 2 2 2 2 2 2 3 3 25
23355835 R_aaSfmmgZtfsJGex 2 3 2 2 3 2 4 2 2 2 4 4 3 4 4 2 2 3 4 2 4 41
24074553 R_1NzQJn15TKjHtvn 2 1 2 1 2 1 1 1 1 1 1 1 1 1 2 1 1 1 1 2 1 7
25031619 R_8tOtjC41U9NrGFT 1 2 1 2 2 2 2 2 1 4 2 2 2 1 2 2 2 1 3 2 1 20
26032633 R_6u6Ur8VuLsCjQax 2 1 1 2 1 1 1 2 2 2 2 2 2 1 2 1 2 0 2 2 2 14
26697363 R_1ZFFBH0IjRJETIN 1 2 1 2 1 1 1 1 1 1 1 1 1 1 2 0 2 1 1 2 2 7
27003232 R_e5lHsN7PYVVEJcp 1 1 2 1 1 1 1 1 1 1 1 1 1 1 1 0 1 0 1 1 1 1
27260554 R_6sr5vquwkM4HeCh 1 1 1 1 1 1 1 1 1 1 1 1 1 1 1 0 1 0 1 1 1 0
27519133 R_40zScf6FFLmSqPj 3 3 3 2 1 1 2 2 2 1 1 2 2 3 3 0 3 1 3 3 3 25
27569444 R_2fUuVIq6GPRT0rz 1 2 2 2 1 1 2 2 1 1 2 2 2 1 3 2 2 0 2 2 2 16
29345746 R_5AzX8OPvRyPNHU1 1 1 2 1 2 4 2 2 1 1 1 2 1 2 2 0 1 0 1 1 1 10
29366431 R_783wFvmM1zHiTat 2 2 2 3 3 2 2 3 1 3 2 2 2 3 2 0 1 0 1 2 1 20
29610866 R_eIJ4lOrhCdaemmF 1 2 1 2 2 2 1 3 1 1 1 2 2 1 2 0 1 1 3 2 1 13
29836145 R_0U3xFtCbcPnaegd 1 2 2 2 2 1 2 2 1 2 2 1 2 2 2 1 2 1 2 2 2 17
31905992 R_0rA830F9afutNeB 2 3 3 2 3 4 3 3 2 3 3 2 4 3 3 2 3 2 3 3 2 39
33105358 R_6rLWucDW6wwR6uN 1 1 2 2 1 1 1 3 1 1 1 1 1 1 2 0 1 1 1 1 1 6
33155723 R_etYxt2UexLBR0CF 1 1 2 1 2 2 3 3 1 1 1 2 1 1 2 1 1 0 1 2 1 11
33578638 R_3qLhPmHUioj1fal 1 1 2 2 1 4 2 1 1 1 2 2 1 1 2 2 1 1 2 2 1 14
34010194 R_b9kJbAHXGUjxcNL 1 2 1 1 2 1 1 2 1 1 1 1 1 1 1 0 1 0 1 2 1 4
34803187 R_bPnyotrr2kHzd4x 1 2 1 1 1 1 1 1 1 1 4 1 1 1 1 1 1 0 1 1 1 5
35104511 R_6tlMHKmdeFpgKIl 1 1 2 2 2 2 1 2 2 1 2 1 2 1 2 1 2 1 1 2 2 14
37071176 R_232Iu24uriZeJEx 1 1 1 1 1 1 1 2 1 1 1 1 1 1 1 1 1 0 1 1 1 2
38223643 R_6WOUVJGAiSHTApf 1 1 3 1 1 1 1 1 1 1 1 1 1 1 1 1 1 0 1 1 1 3
42812812 R_b8eiS6J4Oh25ymN 1 1 1 1 1 1 1 2 1 1 1 1 1 1 1 1 1 1 1 1 1 3
48547884 R_06TwShy9DqvxWeN 2 2 2 2 2 2 3 3 1 2 2 2 2 2 2 3 1 1 1 2 4 24
49168103 R_6ribJV1zBoCipCZ 1 1 1 2 2 1 1 1 1 1 1 1 2 1 2 0 1 0 1 1 1 4
49862659 R_bxR4ne2hq2emZHn 1 1 4 2 4 4 3 3 1 1 3 1 3 1 2 2 2 2 3 1 1 26
57746727 R_9YxZ1MWXpRuMfI1 1 1 1 2 2 1 1 1 1 1 1 1 1 1 2 1 1 1 2 1 1 6
59030235 R_6YlSB6BvSZv78G1 1 2 2 2 1 1 2 2 2 1 2 3 2 1 2 1 3 2 3 2 1 19
60946144 R_cOzZsnOQoZdrxLD 1 3 1 3 3 2 1 1 1 1 1 3 2 1 2 2 2 0 2 1 4 18
62709602 R_4UgYzVSUTcfXRhr 1 1 1 1 1 1 1 3 1 1 1 1 1 1 2 1 1 3 2 2 2 10
64814884 R_5t0hyUg5zJXEf0p 1 1 1 1 1 1 1 1 1 1 1 1 1 1 2 1 1 1 1 2 1 4
67780480 R_abD2wCBoyokfCTP 2 2 2 2 2 1 1 1 1 2 2 2 1 2 2 1 2 1 3 2 2 17
68526592 R_9t3CzuL5ivMtb49 3 3 4 4 4 1 4 4 1 3 1 4 4 4 4 2 3 3 3 4 3 47
75704004 R_5swIsYiH1HakKX3 2 2 2 3 1 1 4 1 2 1 2 3 1 4 3 1 2 0 2 3 1 22
77387104 R_5yYqAwckw9PGjqd 2 2 1 1 1 1 2 2 1 2 1 2 1 1 2 2 2 1 1 3 1 13
78365468 R_79iKsvjw4sbReUl 1 1 1 1 1 1 1 1 1 1 2 2 2 1 2 1 1 0 1 2 1 6
79204377 R_djqrx4h3p0j74j3 1 1 1 1 1 1 1 1 1 1 1 1 2 1 2 0 1 0 1 1 1 2
87490092 R_cGCCC8TFTs4npvT 2 2 3 3 2 4 4 3 1 4 2 3 2 2 2 1 3 2 3 3 4 36
88347876 R_6omAhc4UfOWLx0V 1 2 1 2 1 1 1 2 1 1 2 1 1 1 2 1 2 1 2 2 1 10
88590798 R_0VznXtbdnjZc0JL 2 2 2 2 2 2 2 2 2 1 2 2 4 2 3 1 2 2 2 2 1 23
89493940 R_1Nst8N3bA1U6myx 1 1 1 1 1 1 1 1 1 1 1 1 1 1 1 0 1 0 1 1 1 0
95972821 R_8JsNPfSI61063Wt 3 2 4 3 3 3 4 3 2 2 1 2 4 3 3 2 2 0 3 3 3 36
104915685 R_eLQjcPJIDeEGP9X 1 1 1 1 1 1 1 1 1 1 1 1 1 1 2 1 1 1 1 2 1 4
109457750 R_6gubi3OdONJ6S4l 2 2 3 2 2 4 3 2 1 1 2 2 2 3 3 0 3 3 1 2 2 26
122567099 R_5A9DMYjTIeil6p7 1 2 1 1 1 1 1 1 1 1 1 1 2 1 2 0 1 1 2 1 1 5
124002365 R_9AeGJXrYx1p6FWR 2 2 2 3 4 2 3 3 2 1 2 2 4 3 2 0 3 2 2 2 1 28
131747914 R_cG9rhlGuiIyoAqF 2 2 2 3 2 2 2 2 1 3 2 3 3 1 4 1 4 0 2 3 3 28
132567655 R_9pHw0BFCNhvnaER 1 2 2 1 1 1 2 2 1 1 2 1 2 2 2 1 2 0 1 2 1 11
141794099 R_9FiFm1b8UnjofHL 1 1 1 1 2 1 1 2 1 1 1 1 1 1 2 1 1 1 1 1 1 5
142081179 R_4GYD6Xx4XCOIG45 1 2 1 2 1 1 1 1 1 2 1 1 1 1 2 0 1 1 1 1 2 6
148319560 R_cUyiYDWkSMP4p1P 1 1 1 2 1 1 1 2 1 1 1 2 1 1 2 0 2 0 1 2 1 6
150264823 R_6JNFdaZLRObDYHj 4 4 4 3 4 2 4 3 2 3 4 4 4 4 2 3 3 3 3 4 1 49
153677638 R_8hJ1VsswqU53mT3 1 3 1 2 1 2 2 2 1 2 2 2 1 3 3 3 1 1 1 2 2 19
158649769 R_6hXcRCDjUvZl6zb 1 1 1 1 1 1 1 2 1 1 1 1 1 1 2 1 1 0 1 1 1 3
159718243 R_cIvBB7354A7ZqD3 2 1 2 1 1 1 1 2 1 1 1 1 1 1 2 1 1 1 1 2 1 7
167277255 R_beVJs422kiNiNP7 1 2 2 2 2 4 1 2 1 2 2 2 2 1 2 3 2 1 2 2 1 20
189814213 R_3R7mj78o70MRR1X 1 1 1 1 2 1 2 2 1 1 2 1 2 1 2 1 1 0 2 2 2 10
189897948 R_5109LtSUTGjZ8TH 1 1 1 1 1 1 1 1 1 1 1 1 1 1 2 1 1 0 2 1 1 3
193149989 R_efICpR3ZkZiB85T 2 2 2 2 2 2 2 2 1 2 2 1 1 1 1 1 2 1 1 1 1 13
193464274 R_8jhmJro2aze2GMJ 1 2 1 2 1 1 1 1 1 1 2 1 1 1 3 1 2 1 2 2 1 10
197641133 R_0Dvi8BD6nKctcKV 2 1 2 1 1 1 3 1 1 1 1 3 2 2 2 1 1 1 1 2 1 12
205042068 R_7232f72PzivEw97 2 1 2 1 1 2 1 1 2 2 1 1 1 2 1 1 2 1 1 1 1 9
211684441 R_3JIsYTfy4YsI3TD 1 1 1 1 2 1 1 2 1 1 2 1 2 1 2 1 2 1 2 2 2 11
211760837 R_5ooffokONkShbj7 1 2 1 1 1 1 1 2 1 1 1 1 1 1 2 1 2 1 2 2 1 8
217366210 R_7X7cep6nrKBt7md 2 2 2 2 2 1 3 2 1 2 2 2 2 2 2 1 2 1 1 2 2 19
218145119 R_bJ9jIVrU3jr2Yip 1 1 1 1 1 1 1 1 1 1 1 1 1 1 1 0 1 0 1 1 1 0
219204344 R_cIsqh854cnpU2uF 2 2 1 1 1 1 1 3 1 1 1 1 1 1 1 0 2 0 1 1 1 5
220223369 R_893GdRHaxjbEkIt 1 1 1 1 1 1 1 1 1 1 1 1 1 1 1 0 1 0 1 1 1 0
221246474 R_ebYbOKFEeyMNt0V 1 1 1 1 1 1 1 2 1 2 2 2 1 1 1 1 1 0 1 2 2 7
222953336 R_eJ124qgm9dvOMf3 1 2 1 2 2 2 3 2 1 2 1 3 2 2 2 1 2 1 4 2 4 23
229661595 R_cUbMCdvTIM5n0lT 1 1 1 2 2 1 1 2 1 1 1 1 1 1 2 1 1 0 1 2 1 6
240860394 R_9nvi0A3tGIAV9hH 1 1 2 1 2 1 1 1 1 1 1 1 1 1 1 0 1 0 1 1 1 2
258659694 R_ezLwpo0gW3mEyLX 1 1 1 1 1 1 1 2 1 1 1 1 1 1 1 0 1 0 1 1 1 1
264361827 R_cNKsBmiq1Nr5u9n 2 2 2 1 2 2 2 3 2 2 2 1 2 2 1 1 1 0 2 2 1 16
264445586 R_5tDMGBMdCYlfp6R 1 1 1 1 1 1 1 1 1 1 1 1 1 1 1 1 1 1 1 1 1 2
270443198 R_bP0ABpQ8214YQbH 1 2 2 1 2 1 2 3 1 1 1 1 1 1 1 0 1 0 1 1 1 6
277279447 R_4IW62ydX9CQB49f 2 2 2 1 2 2 1 2 2 1 2 1 2 1 1 0 3 0 2 2 1 13
283152453 R_1H7b3vekK70eUm1 1 1 1 1 1 1 1 1 1 3 1 1 1 1 1 1 1 0 1 1 1 3
291373664 R_eJTo55bAPr0p5Ih 2 2 1 2 3 2 1 2 1 1 1 2 1 1 2 1 1 0 1 2 1 11
297086049 R_cZx80nv3PXItA8J 2 2 1 1 1 1 1 1 1 1 2 1 1 1 1 1 3 1 1 2 3 10
303723093 R_3JmC4xDvLK6gJ5r 1 1 1 1 1 1 1 1 1 2 2 1 1 1 1 1 2 3 1 1 1 7
304100360 R_6PFhCv1OsWJXplP 1 1 1 1 1 1 1 2 1 1 1 2 2 1 2 1 1 0 1 2 1 6
308689825 R_eVwMCSKnmcJDgt7 1 2 1 1 1 1 2 2 1 1 2 1 1 1 2 1 1 0 1 1 1 6
314283408 R_eGbazFAmUopuDWt 2 2 1 2 1 1 1 2 2 2 2 2 1 1 2 1 2 0 1 2 1 12
320862338 R_3HT1zZ3PyPRTcgt 1 2 1 1 2 1 2 1 2 1 2 1 2 1 2 1 1 0 1 1 1 8
322812533 R_0vaSVcaATIXDm9D 2 2 2 2 2 2 1 2 1 2 3 2 1 2 1 1 4 1 1 3 1 19
324029703 R_3WMKRDOHmmXYKHP 2 2 1 1 2 2 4 3 2 2 3 4 2 3 3 3 2 1 3 3 2 31
328237153 R_3Waq6qS8k68ZbKZ 3 3 3 3 2 3 3 2 2 2 3 3 2 3 3 2 3 2 2 2 3 35
334718790 R_8w96fjueDXbCFN3 2 1 2 2 1 1 2 2 1 1 1 2 2 1 3 1 1 0 2 2 1 12
347449468 R_4GD060qS5ObQVed 1 2 1 2 1 1 1 2 1 1 1 2 3 1 2 2 2 2 1 2 1 13
351810381 R_6S6adaTn58yb3QV 2 1 3 1 2 1 4 2 2 2 2 1 2 2 1 2 1 0 2 2 1 17
363974611 R_a61IQQZhsSi4yxv 2 1 2 1 1 1 2 1 1 1 2 1 2 1 2 1 1 0 2 1 1 8
369771361 R_5zjb0slIweyuqDr 2 1 1 2 1 1 2 2 1 3 1 2 1 1 2 1 1 0 1 2 1 10
370152408 R_bIRo25bKZB0PVyZ 2 4 3 3 3 3 3 4 2 2 2 2 1 4 3 1 2 1 1 2 1 30
370320469 R_b4xXPX5tvwA7RSR 1 1 1 1 1 1 1 2 1 1 2 1 1 1 1 1 1 0 1 2 1 4
381698459 R_eagIvx4HuXOUU6h 1 2 2 1 1 1 1 1 1 1 1 1 1 1 1 0 1 1 1 1 1 3
382480516 R_0rjyJJDR4OTwI05 1 1 1 1 1 1 1 1 1 2 1 1 1 1 1 0 1 0 1 1 1 1
385041438 R_8pFkArt3cRfiL9X 3 2 3 2 3 2 3 2 2 2 1 3 2 2 3 1 3 3 3 4 1 31
388736426 R_4H4odQQRfpWoIYJ 1 2 2 2 1 1 2 1 1 1 2 2 4 1 3 1 2 1 3 2 1 17
392044767 R_1ERPWQSjkgpIkyF 2 1 1 2 1 1 1 1 1 2 1 2 4 1 1 0 1 0 1 1 1 7
392301640 R_6xPrqMtZp4tbcmF 1 1 1 1 1 2 1 1 1 1 1 1 1 1 1 0 1 0 1 1 1 1
404320133 R_eyfx8VNcG9PEbc1 2 2 2 2 1 1 2 3 1 4 4 4 3 2 4 3 1 3 3 4 3 35
407455765 R_5gyPDor2OElhekd 2 1 1 1 1 1 3 3 1 1 2 2 1 2 4 1 2 0 1 2 2 15
413186058 R_bjwO1Uw36zURzXn 2 2 1 2 3 1 2 4 1 1 2 3 3 2 2 1 2 3 3 2 4 27
413294359 R_0CAbSfzgGaDqxcp 2 2 3 1 2 2 2 2 2 3 2 1 2 3 2 2 2 2 2 2 1 23
414871589 R_8poDX8ZNVvgGwKN 2 2 3 2 2 2 2 2 2 2 2 2 1 2 2 1 2 1 4 3 4 26
415918838 R_d560tcNKDj4cT5j 1 2 1 1 1 1 1 2 1 1 1 1 1 1 1 0 1 0 1 1 1 2
419143773 R_9o648466nINugAd 1 1 1 1 1 1 1 1 1 2 1 1 1 1 1 0 1 0 1 1 1 1
425375189 R_26m3JLMWMK1ewsZ 1 2 2 2 2 1 1 2 1 2 1 2 1 1 3 2 2 1 2 1 1 14
443254689 R_0O0OE8sdtxKJpNb 1 1 1 1 1 4 1 2 1 4 4 2 3 1 2 0 1 0 1 2 3 17
454481737 R_9GBt3Kf39XSVwZD 1 1 1 2 1 1 1 1 1 1 1 1 1 1 1 0 1 0 1 1 1 1
457166419 R_7VRKf3IdHXDjm1n 1 1 1 2 1 1 1 1 1 1 1 2 1 1 1 0 1 3 1 1 4 8
459985277 R_1Af7d4UDZqGns2h 1 1 2 2 2 1 1 1 1 1 2 1 1 1 3 1 2 1 1 2 3 12
471638985 R_cZ58zIof9FxxkH3 1 1 2 2 1 1 1 1 1 1 1 2 1 1 2 2 1 2 1 1 1 8
475045299 R_5BzsfXHUsIc0HLn 1 1 1 1 1 1 1 2 1 1 1 1 1 1 1 0 1 3 1 1 1 4
512869595 R_24DRkQKfQVCMOyx 1 1 2 2 1 1 1 2 1 1 2 2 1 1 2 1 2 0 2 2 2 11
515713202 R_8Br9WHygZfUn9NX 2 2 2 3 1 1 1 2 3 2 3 3 2 2 2 3 3 2 2 4 1 27
518811034 R_824R4r6iWoZCuZ7 2 2 2 1 1 1 2 1 1 1 2 2 1 1 2 1 2 1 1 2 1 11
518915876 R_6GbJqEpwCKxKrLT 2 4 3 1 2 2 1 2 1 1 1 1 1 1 2 0 1 1 1 2 1 12
521397733 R_6eO39kjSNLppxrL 2 1 1 1 1 1 2 3 1 2 1 1 1 1 2 1 3 0 1 2 2 11
522488778 R_1Bnpi3vonbkE3oF 1 2 1 2 2 1 2 3 1 1 2 2 1 1 2 1 2 0 3 3 1 15
524980784 R_6L0X9aASFRoQaUJ 1 1 1 1 1 1 1 1 1 1 2 1 1 1 2 1 2 1 2 2 2 8
539225999 R_9zr1iLHvAraT8SF 2 1 1 1 3 1 1 3 1 4 3 2 4 1 2 1 1 0 2 2 3 20
542126727 R_1AhAIA5QNsi6E4t 1 1 2 1 1 1 2 1 1 2 2 2 1 1 1 1 1 1 2 2 1 9
544871796 R_a5FFuOA5H6EsUGV 1 1 1 1 1 1 1 1 1 1 1 1 1 1 1 0 1 0 1 1 1 0
549665508 R_6G1o3sx6eeBH2jb 1 1 1 1 1 1 2 2 1 2 2 1 2 1 2 1 1 0 2 1 2 9
573722342 R_3Epje0OAXqKYeUt 1 4 2 2 2 1 1 1 1 1 1 1 1 1 2 0 1 0 1 1 2 8
574218386 R_0Prt2t4nw07X0Gx 2 2 2 2 1 1 2 3 2 1 1 1 2 1 1 0 2 0 1 2 2 12
610584547 R_20tv8aEHG1eZhWZ 2 2 2 2 2 1 3 1 2 1 2 2 2 2 2 1 2 3 2 2 1 20
611420975 R_8eMhSHJCmAzooDz 1 2 1 2 1 1 1 2 1 1 2 1 1 1 2 1 1 0 2 1 1 7
632971213 R_0q6T30dLyonFhsN 1 1 1 2 1 1 1 1 1 1 1 2 1 1 2 0 1 0 1 2 2 5
716829554 R_eWkUbdsL0LPMbRj 1 2 1 1 1 1 1 2 1 1 1 1 3 1 1 1 2 0 1 2 1 7
741618583 R_9yusuqntqgWgSCV 1 1 1 1 1 1 1 1 2 1 1 1 1 1 2 0 1 0 1 1 1 2
742047162 R_2i25Ael6bLTC0lL 2 2 1 1 1 1 1 1 1 1 1 1 1 1 2 2 1 0 1 2 1 6
755380856 R_bBZA6nUgm5VOglL 1 1 1 1 1 1 1 1 1 1 1 1 1 1 1 0 1 0 1 1 1 0
770338470 R_296tWVlHV0FgDB3 2 1 3 2 3 3 2 2 2 3 2 2 4 3 2 2 3 3 2 2 1 30
773929586 R_bCqfHnnNT3N7T3n 1 1 1 2 1 1 1 2 1 1 2 1 1 1 2 0 2 0 1 2 1 6
788191704 R_6JP3h0fRjXWpx4N 1 2 2 1 2 2 1 3 1 2 2 2 3 1 2 3 2 1 2 3 1 20
821955228 R_cBndbkC2cwutTr7 2 1 2 1 2 2 1 3 1 2 2 1 4 1 2 1 2 0 1 2 1 15
827647927 R_bm7ZTIJxVGcWJWR 4 4 4 3 3 3 4 4 3 4 3 3 4 4 4 3 3 3 4 4 4 56
834786632 R_7VfS9tb8HhIZQpf 1 1 1 1 2 1 1 2 1 1 1 1 1 1 2 0 1 1 1 1 1 4
841152145 R_cJa7HBnewexpEdn 2 2 2 2 2 1 3 1 1 3 1 2 1 1 2 1 3 3 2 2 1 19
843409740 R_9sHtWwsAiSFHz3D 1 1 3 1 2 1 1 3 1 1 1 1 1 1 2 2 2 2 2 3 1 14
887866621 R_24aR6kFMNfYRZgp 2 2 3 1 2 1 1 2 1 1 2 3 2 2 3 1 2 1 2 3 1 19
891386358 R_0iIWLsiMFmwNhxH 1 2 1 1 2 1 4 2 1 1 2 1 2 1 1 1 2 1 1 2 1 12
934676185 R_08MOyYgjTzKOKah 2 3 3 2 2 1 3 2 1 1 2 2 2 2 2 1 2 1 2 2 2 21
934916089 R_25hR9NP3Lkf0MF7 2 3 2 2 2 3 4 2 2 2 2 2 2 2 2 1 2 1 2 2 4 27
952136497 R_3wMETJnhbsk8j9H 1 1 2 1 2 1 1 2 1 4 1 1 2 1 1 3 1 0 3 1 1 12
952290570 R_9QPwok1eUl4fZpX 2 2 1 3 1 1 4 3 2 2 2 4 2 3 3 3 3 2 2 3 4 33
985415130 R_3IwdkOlSidhQfZj 2 2 2 2 2 1 2 2 1 1 2 2 2 1 2 1 3 0 3 3 1 18
1005685344 R_cGdEwPb3MhkZExf 2 2 2 1 1 1 1 2 1 3 1 1 2 2 1 0 1 0 1 3 2 11
1007743088 R_cAZGB7MZJF784Hr 1 2 1 1 2 1 1 1 1 2 1 1 1 1 1 0 1 0 1 1 1 3
1027381261 R_e9gWrxiIUqib47r 1 1 1 1 2 1 1 2 1 2 2 2 3 1 2 2 2 1 1 2 1 13
1042589929 R_d7tKMIy1RHFQhs9 1 1 3 2 3 1 1 2 1 1 2 2 2 1 2 2 2 1 2 1 1 15
1092983304 R_5oGxbM0n4JsHHCZ 1 1 1 1 1 1 1 2 1 1 1 1 1 1 2 2 1 0 1 1 2 5
1115554452 R_8tRjEJ28uZSl8YB 1 1 2 1 1 1 1 1 1 1 1 1 1 1 1 1 1 0 1 1 1 2
1136150677 R_3OToJC413CTaVwx 1 1 2 1 2 1 1 1 1 1 1 1 1 1 2 1 2 1 1 1 2 7
1140943262 R_0VRUwBp5ixz4Akd 1 1 1 1 1 1 1 1 1 1 1 1 1 1 1 2 1 3 1 1 1 5
1158727531 R_578kpzYxC5a5pK5 1 2 2 2 1 1 2 2 1 1 2 2 1 2 2 1 2 0 2 2 1 13
1205002178 R_0UkxuLSxDm1IwrH 1 1 1 1 1 1 1 1 1 1 1 1 1 1 1 0 1 0 1 1 1 0
1209078512 R_4SpCYTj1x8J397n 1 2 1 1 1 1 1 1 1 1 1 1 1 1 1 0 1 0 1 1 1 1
1217020981 R_6FLJyvV3aStTxY1 2 2 2 2 2 2 2 2 1 1 2 2 2 1 2 1 2 1 2 2 2 18
1244831256 R_6KWlsUKEtF8ijRP 2 2 1 2 1 4 1 1 1 1 1 2 4 2 3 3 2 1 4 3 1 23
1268156702 R_3C4AUYmaBaUENmd 1 1 2 3 1 4 1 1 2 4 1 2 2 1 2 2 2 2 3 3 3 24
1365166022 R_2c1a1115xv1ve4Z 4 4 4 4 4 3 3 2 3 3 2 3 4 4 4 2 3 0 3 4 1 45
1545971322 R_6zApspVtRNEHGgl 3 1 1 2 1 1 2 2 1 3 2 3 2 2 3 2 2 2 2 2 2 22
1581299677 R_8iaKNO3jewHogSx 1 1 1 1 1 1 1 1 1 1 1 2 1 1 1 1 1 1 1 1 1 3
1587559075 R_9FVaxUVO7gHlqlv 2 2 2 2 2 1 3 3 1 3 2 3 1 1 3 1 4 1 3 2 4 27
1611850802 R_5BkYb9D2lTtAU1T 2 1 2 1 2 1 1 3 1 1 1 1 2 1 3 2 1 1 2 3 1 14
1681476001 R_08x5PPFpXzdWIV7 2 4 3 3 2 2 4 3 2 4 2 3 3 3 3 3 3 2 4 4 2 42
1682271696 R_aXIYxLX4AlprLeJ 2 2 3 2 2 2 4 3 2 4 1 2 4 3 3 2 2 1 4 3 2 34
1684312272 R_e4hTXV9nyQfsuyx 1 1 2 1 2 1 1 2 1 2 1 1 1 1 1 1 1 0 1 1 1 5
1862880625 R_3BQ4WkZs141wihL 1 1 1 1 1 1 1 1 1 1 1 1 1 1 1 0 1 1 1 1 1 1
1906293133 R_5sshMrwoSQxfaYt 1 2 2 2 1 2 2 2 1 1 2 2 1 2 2 1 1 1 2 2 1 14
1932552169 R_bybShjxgqeduHS5 3 4 3 3 1 1 4 3 3 3 4 4 3 3 2 3 3 3 3 3 1 41
1955753292 R_0dffvIZZLbFBdNb 1 1 1 1 1 1 1 1 1 1 1 2 1 1 1 1 2 0 2 1 1 4
2181179323 R_5n08tDWF6X2UUv3 1 2 2 1 1 1 2 2 1 1 1 1 1 1 1 0 1 0 1 1 1 4
2182588958 R_2skpwhSijWpLtul 1 1 2 2 2 2 2 2 1 1 1 2 2 1 2 2 2 1 2 2 2 16
2187411998 R_dn8GHNWOcMI5i29 2 2 3 2 1 1 3 2 1 1 1 2 2 2 3 1 2 1 2 3 1 19
2196356307 R_ahG4IYMGgeChQDb 1 1 2 2 1 1 1 1 1 1 1 2 1 1 1 0 2 0 3 1 1 6
2218375152 R_d06ZvUp6PzjBCyF 1 2 3 2 1 2 2 3 1 2 2 2 1 2 3 2 2 0 2 3 2 21
2276727835 R_8vsVGshAu7sBGzb 3 2 2 2 2 1 3 3 2 1 3 3 3 3 3 3 3 1 3 3 2 32
2301998024 R_6zHEryVS7cL4D77 1 1 1 1 2 1 2 2 1 2 3 1 2 1 2 2 2 1 3 3 1 16
2336120958 R_a05i3jerBonat4p 1 1 1 1 1 1 1 1 1 1 1 1 1 1 1 1 1 0 1 1 1 1
2355825162 R_eDnt0YfDTTASp0h 2 1 1 1 1 1 1 2 1 1 2 1 1 1 2 1 2 1 1 1 1 7
2383853806 R_8xnATbUZBWLwxmt 1 1 1 2 2 1 1 1 1 1 2 3 2 1 2 1 1 3 1 2 1 12
2397323749 R_8fh6yypjuOdbw6V 1 2 1 1 2 1 1 2 2 1 1 2 1 1 1 1 1 1 1 1 2 8
2424648200 R_4PEl3QkZ8NExZYh 2 3 3 3 2 3 4 3 2 2 4 4 2 3 2 3 2 3 4 4 1 40
2439828375 R_3TWKyaTAwmxFCfz 1 3 1 4 1 4 2 4 1 2 1 3 1 2 4 2 1 3 1 4 4 30
2442136598 R_eRq0NFzL7w9A5Yp 1 2 1 2 2 1 1 1 1 1 1 2 1 1 2 2 1 0 2 3 4 13
2470063771 R_1IgDdw1Yp96f7Gl 4 3 4 2 2 2 4 3 3 2 1 3 4 3 3 2 4 0 3 3 1 37
2472566341 R_4I4nylRbl1teBIF 1 1 1 2 1 1 1 3 1 1 2 2 1 1 2 2 2 2 2 2 2 14
2548680540 R_0GjQwuvu9cbsOBn 2 2 2 2 2 3 4 3 2 1 1 2 2 3 4 2 2 1 2 3 4 30
2549114401 R_b7UrJXSQckiJsIl 1 1 1 1 1 2 1 1 1 1 2 1 1 1 2 0 1 0 1 2 1 4
2578816177 R_72o9tQCEAZXr3h3 2 2 1 1 2 1 1 1 2 1 2 2 1 1 2 3 1 1 2 2 2 14
2595314495 R_dbS3ghMDfnAYu8Z 2 2 3 2 1 1 3 2 1 2 2 3 2 1 2 2 2 1 3 2 2 22
2633283102 R_9NAxf17BeWnucsJ 1 2 2 2 2 1 1 2 1 1 1 2 2 1 2 2 1 2 2 2 1 14
2654136130 R_e9REj9GMjgujrF3 1 1 1 1 2 1 1 2 1 2 2 1 2 1 2 1 2 0 2 2 1 10
2697090056 R_8v0KEkris1wgUBL 1 2 3 2 1 2 3 4 1 2 2 2 2 2 2 2 2 1 4 3 2 26
2718015666 R_0ujwHwAwX4MXQK9 1 1 1 1 1 1 1 1 1 1 1 1 1 1 1 0 1 0 1 1 1 0
2726086164 R_ctKogEQGsgQHcSV 3 2 2 3 3 2 3 3 1 3 3 3 1 2 2 1 3 1 2 1 1 26
2730110218 R_0MSngbU1jCKyJKZ 2 1 1 1 1 1 1 1 1 2 2 1 1 1 2 2 1 1 1 3 1 9
2740195508 R_bQuMwOWIFYPM67H 1 2 2 3 1 1 1 1 1 1 1 1 1 2 1 3 2 1 4 4 1 16
2755889855 R_bQOQUhlIbbYcxtr 2 2 2 2 1 2 2 3 2 3 2 2 4 3 3 2 2 1 2 2 2 27
2798534959 R_eQGyynW2qaL8J7f 2 4 4 3 4 4 4 4 2 2 2 4 2 4 4 3 3 2 1 4 4 47
2833296404 R_86NNOE7Q17qFvdb 2 1 2 3 1 4 3 3 2 2 2 2 1 2 1 2 2 3 1 1 3 24
2856890664 R_4Ox0RrzFpnKdCyV 1 1 1 1 2 1 1 2 1 1 2 1 1 1 2 1 1 0 1 1 1 5
2859608548 R_6MtxmCTEfsN10cR 2 2 2 2 2 2 2 2 1 3 2 2 2 2 2 2 2 1 2 2 2 22
2864476919 R_6o0TooGGCRzST0F 1 1 1 2 1 1 2 1 1 1 1 2 1 1 1 1 1 0 1 1 1 4
2892105041 R_0fD5d8WtMDX990V 1 1 1 1 1 1 1 1 1 1 1 1 1 1 1 0 1 0 1 1 1 0
2906582448 R_bge4MqH5yS8WxVz 1 1 1 1 1 1 1 3 1 1 2 1 1 1 1 0 1 0 1 1 1 3
2955790493 R_bCb1hdPtuzBqHn7 1 1 1 1 1 1 1 2 1 1 1 1 1 1 2 1 1 0 2 2 1 5
2959835717 R_agyTkxsxsYs2fXL 1 1 2 2 3 2 2 2 2 2 2 2 3 2 2 3 4 2 3 2 1 26
2986792732 R_9mXCxBkdKQWH2HH 2 2 2 2 3 1 3 2 1 2 2 1 2 3 2 0 1 3 2 2 1 20
2993522001 R_3lTAv2tI9ddhYiN 1 1 1 1 1 1 1 1 1 1 1 1 1 1 1 0 1 0 1 1 1 0
2995185392 R_2rj2vIrvzBhQyZ7 2 2 2 2 1 4 2 2 3 3 2 3 2 3 4 2 3 2 2 3 2 32
3009051802 R_9HtsCqetIS0qroV 2 3 2 2 2 2 1 3 2 1 3 2 1 2 1 1 3 1 2 2 2 21
3027662024 R_6ssu65rUmBbgcFT 1 2 3 1 3 2 1 2 1 1 2 2 2 2 1 1 1 1 2 3 2 17
3047072627 R_dj1w0cvF2GHWbrf 2 1 3 2 3 3 2 3 1 2 1 3 4 2 3 2 1 1 2 3 1 26
3065867970 R_eWJkbBaQ5Gl6SPj 3 3 2 4 2 3 1 2 3 3 3 4 2 1 3 2 3 2 2 3 1 33
3084749045 R_4PE5tAbkKWpO1FP 1 1 1 1 1 1 1 2 1 2 1 2 1 1 1 1 1 0 1 1 1 4
3118133584 R_72ogdusjTR0xBlz 2 1 2 1 2 2 2 2 1 2 2 2 1 2 2 2 2 1 1 2 1 16
3133741969 R_7NIzNVkzfomiWTr 2 2 2 1 2 1 1 1 1 1 1 1 1 2 3 3 1 0 1 3 2 13
3163465127 R_bKuUwdI8MNNVfJr 2 3 3 2 3 3 4 4 3 4 3 3 4 4 4 2 4 3 4 4 1 48
3169333664 R_6WmKneorJ72wCUZ 1 1 1 1 1 2 1 1 1 1 1 1 1 1 1 0 1 0 1 1 1 1
3173352986 R_4SbSrcNM1iHENhj 2 2 1 2 1 1 1 2 1 2 2 4 2 1 1 3 2 1 1 2 1 16
3178881626 R_bd80GilEr3eJwFv 2 3 2 3 4 3 4 4 2 3 4 4 4 4 3 3 4 3 3 3 1 47
3214038281 R_abLpm3w8xMLkjPL 2 2 3 2 2 4 3 2 2 2 3 3 2 3 3 1 2 1 2 4 3 32
3224857470 R_8c3tkuwQyRZOAfj 2 2 1 1 2 2 4 3 2 4 2 1 1 1 2 0 1 0 1 2 1 16
3231857638 R_esuMbB68ljwHGSx 1 2 1 1 1 1 1 1 1 1 2 1 1 1 2 0 1 0 2 2 1 5
3322903916 R_87ygtDVO4O7QTch 2 1 1 1 1 1 1 2 1 2 1 1 1 1 1 0 2 0 1 1 1 4
3355968977 R_3gS5iPnDipktDiR 3 4 4 3 2 2 4 3 2 2 3 4 4 4 4 2 4 3 4 4 4 50
3364366738 R_dcHOVy787lKc7aZ 1 2 1 1 1 2 3 2 1 1 2 1 2 3 2 1 1 1 2 1 1 13
3517404553 R_5zQvgWTXieoWkpn 1 1 1 1 1 1 1 1 1 1 1 1 1 1 2 1 1 2 1 2 1 5
3611655436 R_5mvMrTGzUotRrGB 1 1 2 1 1 1 1 2 1 1 2 2 1 1 1 1 2 0 2 2 1 8
3616022660 R_bfsUYbcJ0CXBS5f 2 2 1 1 2 1 2 2 1 2 2 1 1 1 1 0 2 3 1 1 1 11
3795593836 R_2oEh3pbIXjOedBH 1 3 2 3 2 1 3 4 2 4 1 2 2 3 2 2 2 0 2 2 2 26
3893332168 R_blOT4UyfVrBnjcV 2 1 1 2 1 1 1 3 1 3 2 2 2 1 2 2 2 0 2 2 1 15
4086517462 R_0OsF8SmrYCDxSGV 1 1 1 1 1 1 1 1 1 1 1 1 1 1 1 1 1 0 1 1 1 1
4274283194 R_4Gy3N26EbbRW85L 1 1 1 1 1 1 1 1 1 1 1 1 1 1 1 1 1 2 1 1 1 3
4362205038 R_bsbSaaLQVIMoUex 1 2 2 2 2 2 2 2 1 2 2 3 2 3 1 2 1 1 2 2 1 19
4412686997 R_4VGMlxOkFz54TXL 1 1 2 2 1 1 1 2 2 1 1 1 1 2 2 1 1 1 2 2 1 10
4416120494 R_5BVcGZmNwLuNMI5 1 2 2 2 1 1 1 2 1 1 2 2 2 2 2 0 2 0 2 2 1 12
4652050590 R_exm1TfuqmeUSSsR 1 2 1 2 1 1 1 2 1 1 2 2 2 1 2 1 3 1 3 2 3 16
15549792 R_81eeSW5vZgVCPuR 2 3 2 2 2 2 3 3 2 1 2 4 4 3 4 3 3 1 3 4 4 38
16340534 R_9GG6sh06WpgV0fH 1 2 1 1 1 1 2 1 1 1 1 1 2 1 1 0 2 3 2 1 2 9
28158744 R_8jNJCZVi50rs4y9 1 1 1 1 1 2 1 3 2 1 2 4 4 3 3 3 2 1 3 3 1 24
42802175 R_b11Qk72oLpA9BKl 2 2 2 2 2 1 2 2 1 2 2 1 2 1 2 0 2 0 1 1 3 14
52763277 R_0lbHQRuziZ41wCp 1 1 1 1 1 1 1 1 1 1 1 1 1 1 1 0 1 0 1 1 1 0
74148207 R_1HxIfVDB132ZMxf 1 1 1 2 1 2 2 2 1 2 2 2 1 1 3 2 2 0 2 3 1 15
80602838 R_2ovzf18A2L7rCrb 2 3 2 3 1 4 3 1 1 1 4 3 4 3 2 0 3 2 2 2 1 28
82504828 R_a4YiVHqsIWZ0ej3 2 2 2 2 1 1 2 2 1 2 1 2 1 2 2 1 1 1 1 2 2 14
109135702 R_0DqxBnYHGsdeE7P 1 1 2 1 2 1 3 2 1 1 1 2 1 2 3 2 1 1 2 2 3 16
109617442 R_0AHnu7X7r7e4Pad 1 1 2 2 1 1 3 2 1 1 1 2 2 1 1 1 1 0 1 2 1 9
111056909 R_8dlTVE974TqrP4V 2 2 3 2 4 4 4 4 2 4 4 4 3 4 3 2 4 1 3 3 4 47
176557817 R_1BtrgxrQXSql3i5 3 3 3 2 2 2 4 3 1 2 1 2 3 3 2 3 1 0 2 3 1 27
221864061 R_9Fa9Q2yWZJ1Ujpr 2 2 3 2 2 3 4 3 2 1 2 2 1 1 2 3 2 3 2 2 1 26
274072229 R_6D3Jz5Ptk1DmNmJ 2 2 2 2 2 1 2 2 1 4 2 2 2 2 3 0 2 1 1 3 1 20
279898634 R_dd0ImpSV27cKL9b 2 2 3 2 3 3 3 3 1 1 2 1 3 2 3 1 1 1 1 2 4 25
329471635 R_eKcdEGpI0Qb9WU5 1 3 3 1 4 3 1 3 1 1 4 2 3 1 3 1 3 2 1 3 1 26
410198865 R_87Fw7ayEwGMFezX 3 1 1 2 3 2 2 4 1 2 2 1 4 1 3 2 1 0 3 4 1 24
417058297 R_ebnsElIFpCeXbOl 2 1 1 2 2 1 4 3 2 3 1 2 2 1 3 1 1 1 1 2 4 21
537493775 R_cu1IqYVGehSGnn7 1 1 1 1 1 1 1 1 1 1 1 2 1 1 2 1 1 0 2 2 3 7
550601451 R_0AOABTehO6PNFk1 2 3 1 2 2 2 1 2 1 2 2 1 4 2 2 3 2 1 3 2 1 22
554774295 R_bkK6AtYcUPwpzZX 1 1 1 1 1 1 1 1 1 1 1 1 1 1 2 0 2 0 1 1 1 2
555518833 R_cBKZxmb1SY3YbyJ 2 1 2 2 1 2 2 2 2 1 2 2 4 1 2 1 2 1 3 2 3 21
556584210 R_084E4UZYL7qZKBv 3 1 1 2 1 1 4 2 3 3 4 4 2 3 3 2 4 3 2 3 1 33
558973249 R_3wSSV15CNNLWcZL 1 1 3 2 2 1 2 2 1 1 2 2 4 1 1 3 2 1 2 1 2 18
564328187 R_22Zqz5awtOTftwV 1 2 2 2 1 1 2 2 1 2 1 2 1 2 3 1 2 1 2 2 1 15
711788841 R_6lfQbxIGzevBi9D 2 2 1 2 1 1 1 2 1 1 2 2 2 1 2 1 2 1 2 2 3 15
830362063 R_5Avvpm7WBW714Rn 2 3 2 3 2 3 3 4 2 4 2 3 3 3 3 2 3 1 3 2 2 36
865460899 R_0ChcaFSHd1aUYZL 2 2 2 2 2 2 2 2 2 2 2 3 2 2 4 3 2 1 3 4 4 31
882603895 R_di3An8cAzjoyZnf 1 2 2 2 2 2 3 2 1 1 1 2 2 2 2 1 2 1 2 2 1 17
919942688 R_6hzz4EbQmcyh0s5 2 2 2 2 1 1 3 3 1 1 2 2 2 1 2 2 2 1 3 2 1 19
935979132 R_2lQczMrW1WhjMK9 1 1 1 1 1 1 1 1 1 1 1 1 1 1 1 0 1 0 1 1 1 0
961244959 R_8pKTZ1VkL3qo7oV 1 1 3 2 2 2 1 2 1 3 2 2 2 2 2 2 2 1 1 2 1 18
1111733179 R_3VmLgCQU4NdFK17 1 1 2 1 1 1 1 1 1 1 1 2 2 2 1 0 2 1 2 2 2 9
1115466752 R_0CXkpLcKhpPed1j 1 1 2 1 1 1 1 2 1 1 2 4 1 1 2 3 1 1 1 2 1 12
1158955148 R_1NZ0csHu2kFOjFH 1 1 1 1 1 1 1 2 1 2 2 1 4 1 2 1 2 1 2 2 1 12
1329639396 R_25ZLARL84PeVSfP 3 3 3 3 3 3 3 3 2 3 3 3 4 2 3 2 2 0 4 3 1 37
1465995588 R_5sxceb8Copdp2D3 1 2 2 1 1 1 1 2 1 1 2 2 1 1 2 0 2 0 1 1 1 7
1721071723 R_dglfbNi97FzW3k1 1 1 1 1 1 1 1 1 1 1 1 1 1 1 1 0 1 0 1 1 1 0
2185310050 R_1TdpZl30O0fTVbv 1 1 1 1 1 1 1 1 1 1 1 1 1 1 1 0 1 0 1 1 1 0
2404967816 R_0ur1ONk9fzeFEON 3 3 2 2 2 4 4 4 2 2 2 2 3 3 3 1 2 3 2 3 2 35
2579034420 R_ai4VlKlkQJHxI2N 2 3 2 3 2 3 2 3 2 2 4 3 4 2 3 2 3 2 3 3 4 38
2943071684 R_eFO3J7PXWnwCblP 1 1 1 1 1 1 1 1 1 1 1 1 1 1 1 0 1 0 1 1 1 0
3145892637 R_42EPzcTpYF5tpWJ 1 1 1 1 1 1 1 1 1 1 1 1 2 1 1 0 1 0 1 1 2 2
3195695389 R_1MM5Q0tccWdkklf 1 1 1 1 1 1 1 1 1 1 2 2 1 1 1 3 2 1 1 2 3 10
3299819780 R_cJeqVXxYjV0TcX3 2 1 1 1 2 1 1 1 1 1 2 1 1 1 2 0 1 0 1 2 1 5
